NAME : AfricaSul11e
TYPE : CaRSP
COMMENT : Instances for the CaRSP Problem (Sabry & Goldbarg, 2018)
DIMENSION : 11
CARS_NUMBER : 3
PASSENGERS_NUMBER : 37
EDGE_WEIGHT : SYMMETRIC
RETURN_RATE : ASYMMETRIC
EDGE_WEIGHT_TYPE : EXPLICIT
EDGE_WEIGHT_FORMAT : FULL_MATRIX
EDGE_WEIGHT_SECTION
0
   0 254 254 162 264 172 399 268 341 341 274 
 254 0 99 127 51 164 272 139 314 341 65 
 254 99 0 125 78 164 333 191 319 338 92 
 162 127 125 0 129 75 302 157 258 274 136 
 264 51 78 129 0 157 299 153 329 356 49 
 172 164 164 75 157 0 317 149 245 243 179 
 399 272 333 302 299 317 0 179 367 452 260 
 268 139 191 157 153 149 179 0 288 363 169 
 341 314 319 258 329 245 367 288 0 366 273 
 341 341 338 274 356 243 452 363 366 0 328 
 274 65 92 136 49 179 260 169 273 328 0 
1
   0 142 137 191 125 53 115 131 61 204 139 
 142 0 106 257 50 147 94 135 126 305 54 
 137 106 0 280 73 148 142 153 142 318 81 
 191 257 280 0 212 171 225 207 170 291 206 
 125 50 73 212 0 148 104 127 119 321 38 
  53 147 148 171 148 0 123 122 68 210 141 
 115 94 142 225 104 123 0 48 92 305 114 
 131 135 153 207 127 122 48 0 99 314 136 
  61 126 142 170 119 68 92 99 0 212 120 
 204 305 318 291 321 210 305 314 212 0 262 
 139 54 81 206 38 141 114 136 120 262 0 
2
   0 153 310 218 297 57 319 146 86 71 305 
 153 0 272 298 231 166 299 147 167 202 218 
 310 272 0 431 355 273 430 304 274 283 374 
 218 298 431 0 391 200 436 259 224 188 437 
 297 231 355 391 0 278 411 248 276 279 333 
  57 166 273 200 278 0 298 151 81 75 354 
 319 299 430 436 411 298 0 175 231 285 428 
 146 147 304 259 248 151 175 0 128 174 330 
  86 167 274 224 276 81 231 128 0 110 330 
  71 202 283 188 279 75 285 174 110 0 342 
 305 218 374 437 333 354 428 330 330 342 0 
RETURN_RATE_SECTION
0
   0 81 91 114 80 72 89 104 89 93 100 
  49 0 46 68 34 32 47 63 43 62 52 
  75 61 0 80 52 53 68 90 65 81 69 
 131 118 116 0 120 109 133 154 117 145 120 
  41 24 32 51 0 15 33 47 28 39 37 
  30 15 25 46 12 0 27 41 20 34 29 
  76 63 76 94 67 61 0 98 71 91 79 
 131 117 127 147 120 114 128 0 118 147 121 
  58 49 54 77 42 40 59 67 0 60 55 
 105 97 98 129 91 82 106 119 99 0 113 
  84 76 85 108 66 69 82 95 81 96 0 
1
   0 47 47 34 15 28 42 39 23 24 32 
 104 0 139 123 102 111 119 125 102 110 113 
 103 122 0 116 99 112 118 116 108 114 105 
  72 95 103 0 65 85 84 89 70 80 85 
  11 37 34 27 0 24 32 32 18 18 25 
  55 90 91 81 52 0 82 73 65 65 73 
  84 104 116 95 76 92 0 107 94 87 106 
  80 105 99 92 79 84 94 0 81 87 98 
  36 66 59 58 33 49 59 59 0 42 56 
  46 69 64 57 41 59 70 66 51 0 56 
  68 84 82 75 59 70 85 89 76 77 0 
2
   0 27 37 31 32 14 40 30 30 28 38 
  58 0 80 75 81 67 93 88 88 80 81 
  96 108 0 102 106 89 110 101 114 100 122 
  74 92 108 0 92 76 102 95 101 95 110 
  87 101 104 106 0 83 115 111 99 103 112 
  24 42 52 48 49 0 55 48 45 39 52 
 103 110 131 130 123 99 0 134 134 123 135 
  71 86 93 96 104 85 111 0 98 92 98 
  73 87 108 90 104 83 108 102 0 88 109 
  70 90 89 93 92 68 103 83 93 0 93 
 101 115 116 124 119 105 127 125 127 122 0 
PASSENGERS_LIMIT
5 4 5 
ORIGINS_DESTINATIONS_AND_FINANCIAL_LIMITS
0 9 30.705769
1 9 56.560822
1 7 50.493992
1 2 34.458866
1 7 40.719006
2 6 73.340012
2 9 94.023857
2 3 48.943253
2 7 81.448593
3 2 79.614609
3 10 44.816441
3 8 86.072304
3 2 85.291672
6 7 18.579788
6 7 24.417326
6 10 46.579224
6 4 74.343178
7 4 65.539375
7 3 101.872589
7 5 90.620399
7 6 25.045361
8 10 56.682007
8 2 75.238708
8 2 104.531204
8 0 38.228645
9 4 161.179062
9 6 140.858444
9 8 79.945724
9 10 112.460602
9 10 114.181480
9 1 118.401825
9 10 115.613655
9 7 96.898994
10 7 67.163322
10 0 76.028542
10 0 90.669830
10 3 101.596680

EOF
