NAME : Chile6e
TYPE : CaRSP
COMMENT : Instances for the CaRSP Problem (Sabry & Goldbarg, 2018)
DIMENSION : 6
CARS_NUMBER : 3
PASSENGERS_NUMBER : 13
EDGE_WEIGHT : SYMMETRIC
RETURN_RATE : ASYMMETRIC
EDGE_WEIGHT_TYPE : EXPLICIT
EDGE_WEIGHT_FORMAT : FULL_MATRIX
EDGE_WEIGHT_SECTION
0
   0 57 118 88 285 221 
  57 0 108 77 292 235 
 118 108 0 130 297 278 
  88 77 130 0 340 262 
 285 292 297 340 0 384 
 221 235 278 262 384 0 
1
   0 189 98 79 110 47 
 189 0 193 152 210 131 
  98 193 0 119 132 103 
  79 152 119 0 144 93 
 110 210 132 144 0 95 
  47 131 103 93 95 0 
2
   0 224 267 250 111 50 
 224 0 410 342 244 182 
 267 410 0 435 227 221 
 250 342 435 0 278 226 
 111 244 227 278 0 101 
  50 182 221 226 101 0 
RETURN_RATE_SECTION
0
   0 38 27 9 28 24 
  83 0 112 94 105 110 
  72 91 0 68 83 83 
  9 34 28 0 26 27 
  59 84 85 59 0 77 
  57 93 78 59 75 0 
1
   0 102 114 84 108 89 
  68 0 69 50 64 48 
  83 76 0 63 87 58 
  34 20 25 0 31 11 
 109 93 95 73 0 71 
  44 30 34 16 34 0 
2
   0 20 36 33 18 14 
  44 0 67 66 56 53 
  82 97 0 114 99 95 
  84 102 114 0 88 98 
  28 45 58 60 0 37 
  25 38 53 49 28 0 
PASSENGERS_LIMIT
5 4 5 
ORIGINS_DESTINATIONS_AND_FINANCIAL_LIMITS
0 3 39.967415
1 5 64.100273
1 2 33.650688
2 0 72.568031
3 4 56.440487
4 3 74.722084
4 0 71.873848
4 5 33.349499
4 2 82.493416
4 5 32.880749
4 1 138.101883
4 0 59.304047
4 1 106.742912

EOF
